Input Values
2000
2340
1475
2903
1174
3156
1236
3027
1660
2588
2309
2029
2955
1588
3376
1453
3432
1700
3123
2253
2587
2921
2049
3470
1733
3707
1777
3559
2182
3099
2809
2518
3432
2051
3827
1891
3855
2108
3517
2631
2951
3269
2380
3784
2031
3987
2041
3804
2410
3308
3000
2690
3585
2186
3943
1987
3933
2166
3556
2651
2951
3249
2341
3726
1953
3891
1925
3669
2256
3136
2809
2481
3358
1941
3680
1707
3635
1852
3225
2303
2587
2871
1948
3318
1530
3453
1474
3206
1780
2647
2309
1969
2836
1409
3138
1156
3076
1285
2650
1722
1999
2277
1349
2714
923
2843
861
2590
1163
2030
1690
1352
2219
793
2525
546
2469
681
2051
1128
1412
1696
774
2147
364
2292
319
2058
641
1518
1190
863
1743
330
2074
108
2046
273
1658
750
1048
1348
443
1833
66
2012
56
1813
414
1309
1000
691
1589
195
1958
12
1968
215
1619
730
1048
1368
482
1891
144
2108
172
1948
567
1481
1190
900
1817
440
2222
292
2266
529
1950
1078
1412
1746
876
2299
567
2546
623
2411
1044
1970
1690
1411
2339
972
2763
843
2825
1096
2524
1659
1999
2340
1475
2903
1174
3156
1236
3027
1660
2588
2309
2029
2955
1588
3376
1453
3432
1700
3123
2253
2587
2921
2049
3470
1733
3707
1777
3559
2182
3099
2809
2518
3432
2051
3827
1891
3855
2108
3517
2631
2951
3269
2380
3784
2031
3987
2041
3804
2410
3308
3000
2690
3585
2186
3943
1987
3933
2166
3556
2651
2951
3249
2341
3726
1953
3891
1925
3669
2256
3136
2809
2481
3358
1941
3680
1707
3635
1852
3225
2303
2587
2871
1948
3318
1530
3453
1474
3206
1780
2647
2309
1969
2836
1409
3138
1156
3076
1285
2650
1722
