Output Values
1000
1670
1572
2237
1705
2430
1833
2429
2044
2316
2312
2170
2562
2075
2725
2088
2760
2230
2676
2464
2525
2722
2385
2927
2329
3017
2396
2977
2579
2838
2823
2670
3051
2550
3188
2539
3196
2652
3084
2857
2903
3085
2732
3258
2644
3315
2677
3240
2825
3066
3033
2861
3222
2704
3323
2654
3293
2729
3142
2896
2923
3085
2712
3219
2585
3237
2580
3124
2690
2913
2860
2670
3014
2477
3078
2392
3013
2432
2828
2565
2575
2722
2335
2826
2178
2815
2144
2675
2227
2436
2372
2170
2503
1955
2546
1851
2463
1873
2261
1991
1994
2135
1741
2227
1574
2208
1534
2062
1612
1821
1755
1553
1885
1338
1931
1238
1853
1266
1658
1393
1402
1549
1161
1653
1008
1650
984
1521
1080
1299
1244
1053
1397
863
1468
788
1417
844
1251
1000
1024
1186
814
1323
694
1353
704
1258
836
1072
1036
863
1225
709
1333
672
1320
767
1192
961
1004
1186
834
1362
753
1430
801
1374
970
1225
1207
1053
1434
937
1579
935
1600
1064
1507
1292
1352
1549
1212
1755
1160
1853
1237
1823
1433
1701
1695
1552
1945
1458
2110
1476
2150
1623
2073
1865
1931
2135
1804
2353
1763
2459
1847
2436
2048
2318
2313
2170
2562
2075
2725
2088
2760
2230
2676
2464
2525
2722
2385
2927
2329
3017
2396
2977
2579
2838
2823
2670
3051
2550
3188
2539
3196
2652
3084
2857
2903
3085
2732
3258
2644
3315
2677
3240
2825
3066
3033
2861
3222
2704
3323
2654
3293
2729
3142
2896
2923
3085
2712
3219
2585
3237
2580
3124
2690
2913
2860
2670
3014
2477
3078
2392
3013
2432
2828
2565
2575
2722
2335
2826
2178
2815
2144
2675
2227
2436
2372
2170
2503
1955
2546
1851
2463
1873
2261
1991
